# Simulação física
-10 10 -10 10
2
# Cubo 1
8 12 6
-1 -1 1
1 -1 1
1 1 1
-1 1 1
-1 -1 -1
1 -1 -1
1 1 -1
-1 1 -1
1 2
2 3
3 4
4 1
1 5
2 6
3 7
4 8
5 6
6 7
7 8
8 5
4 1 2 3 4 1.0 0.0 0.0               
4 2 6 7 3 0.0 1.0 0.0
4 6 5 8 7 0.0 0.0 1.0
4 5 1 4 8 0.5 0.5 0.0
4 4 3 7 8 0.0 0.5 0.5
4 5 6 2 1 0.5 0.0 0.5
0 0 0
1 1 1
0 -15 0
0
100
# Cubo 2
8 12 6
-1 -1 1
1 -1 1
1 1 1
-1 1 1
-1 -1 -1
1 -1 -1
1 1 -1
-1 1 -1
1 2
2 3
3 4
4 1
1 5
2 6
3 7
4 8
5 6
6 7
7 8
8 5
4 1 2 3 4 1.0 0.0 0.0               
4 2 6 7 3 0.0 1.0 0.0
4 6 5 8 7 0.0 0.0 1.0
4 5 1 4 8 0.5 0.5 0.0
4 4 3 7 8 0.0 0.5 0.5
4 5 6 2 1 0.5 0.0 0.5
0 3.14 0
1 1 1
-0.1 0 0
0
100
