# Linear Forces
-100 100 -100 100
0 0 200 0 1.57 0 5 5 5
0 0 -100
5
# Cube
8 12 6
-1 -1 1
1 -1 1
1 1 1
-1 1 1
-1 -1 -1
1 -1 -1
1 1 -1
-1 1 -1
1 2
2 3
3 4
4 1
1 5
2 6
3 7
4 8
5 6
6 7
7 8
8 5
4 1 2 3 4 1.0 0.0 0.0               
4 2 6 7 3 0.0 1.0 0.0
4 6 5 8 7 0.0 0.0 1.0
4 5 1 4 8 0.5 0.5 0.0
4 4 3 7 8 0.0 0.5 0.5
4 5 6 2 1 0.5 0.0 0.5
0 0 0
1 1 1
0 2 0
1
100
# Box Wall 1
8 12 6
-1 -1 1
1 -1 1
1 1 1
-1 1 1
-1 -1 -1
1 -1 -1
1 1 -1
-1 1 -1
1 2
2 3
3 4
4 1
1 5
2 6
3 7
4 8
5 6
6 7
7 8
8 5
4 1 2 3 4 0.7 0.7 0.7               
4 2 6 7 3 0.7 0.7 0.7
4 6 5 8 7 0.7 0.7 0.7
4 5 1 4 8 0.7 0.7 0.7
4 4 3 7 8 0.7 0.7 0.7
4 5 6 2 1 0.7 0.7 0.7
0 0 1.57
14 10 0.2
0 0 -15
0
100000000
# Box Wall 2
8 12 6
-1 -1 1
1 -1 1
1 1 1
-1 1 1
-1 -1 -1
1 -1 -1
1 1 -1
-1 1 -1
1 2
2 3
3 4
4 1
1 5
2 6
3 7
4 8
5 6
6 7
7 8
8 5
4 1 2 3 4 0.7 0.7 0.7               
4 2 6 7 3 0.7 0.7 0.7
4 6 5 8 7 0.7 0.7 0.7
4 5 1 4 8 0.7 0.7 0.7
4 4 3 7 8 0.7 0.7 0.7
4 5 6 2 1 0.7 0.7 0.7
0 0 1.57
14 10 0.2
0 0 15
0
100000000
# Box Wall 3
8 12 6
-1 -1 1
1 -1 1
1 1 1
-1 1 1
-1 -1 -1
1 -1 -1
1 1 -1
-1 1 -1
1 2
2 3
3 4
4 1
1 5
2 6
3 7
4 8
5 6
6 7
7 8
8 5
4 1 2 3 4 0.7 0.7 0.7               
4 2 6 7 3 0.7 0.7 0.7
4 6 5 8 7 0.7 0.7 0.7
4 5 1 4 8 0.7 0.7 0.7
4 4 3 7 8 0.7 0.7 0.7
4 5 6 2 1 0.7 0.7 0.7
0 1.57 1.57
14 10 0.2
0 15 0
0
100000000
# Box Wall 4
8 12 6
-1 -1 1
1 -1 1
1 1 1
-1 1 1
-1 -1 -1
1 -1 -1
1 1 -1
-1 1 -1
1 2
2 3
3 4
4 1
1 5
2 6
3 7
4 8
5 6
6 7
7 8
8 5
4 1 2 3 4 0.7 0.7 0.7               
4 2 6 7 3 0.7 0.7 0.7
4 6 5 8 7 0.7 0.7 0.7
4 5 1 4 8 0.7 0.7 0.7
4 4 3 7 8 0.7 0.7 0.7
4 5 6 2 1 0.7 0.7 0.7
0 1.57 1.57
14 10 0.2
0 -15 0
0
100000000
